4294967279,125
4294967278,344
14,4
17,11
17,0
17,10
17,9
4294967279,345
17,8
17,7
17,6
17,1
17,5
17,2
17,4
4294967278,343
4294967279,157
4294967278,342
4294967278,88
4294967278,174
4294967279,344
4294967278,341
4294967278,154
4294967278,340
4294967278,152
4294967278,150
60,7
60,6
60,5
60,4
60,3
60,2
60,1
4294967278,282
4294967278,339
4294967279,343
4294967278,338
4294967279,342
4294967279,88
4294967278,337
4294967279,140
4294967279,139
4294967278,336
4294967279,277
4294967278,275
4294967279,276
4294967278,133
4294967279,289
4294967278,271
58,5
58,4
58,3
58,2
58,1
4294967294,393
4294967278,335
4294967279,268
57,5
57,4
57,3
57,2
57,1
4294967279,285
4294967278,294
4294967278,334
4294967278,333
4294967278,292
56,4
4294967278,291
56,3
56,2
56,1
4294967278,290
55,4
4294967279,298
4294967278,288
4294967279,299
4294967279,297
4294967278,332
4294967279,252
4294967278,331
4294967279,251
4294967279,249
4294967278,249
4294967279,296
4294967279,244
54,6
54,5
54,4
54,3
54,2
54,1
4294967278,330
4294967294,445
4294967294,443
4294967294,423
4294967294,426
4294967294,453
4294967294,80
4294967294,174
4294967294,74
4294967294,968
4294967294,456
4294967294,182
4294967294,173
4294967294,170
4294967294,169
4294967294,163
4294967294,454
4294967278,235
4294967279,235
4294967278,233
4294967279,341
4294967279,233
4294967278,231
4294967278,228
4294967279,228
4294967279,229
4294967278,227
4294967278,224
4294967278,222
4294967279,222
4294967279,216
4294967278,220
53,6
4294967279,220
53,5
4294967278,218
53,4
4294967279,218
53,2
53,1
4294967279,217
4294967278,216
4294967279,215
4294967278,213
4294967278,329
4294967278,328
4294967279,340
4294967278,210
4294967278,209
4294967278,208
52,6
4294967279,209
52,5
52,4
52,2
52,1
4294967279,339
4294967278,206
4294967279,338
4294967278,327
4294967279,337
4294967278,326
4294967279,246
4294967278,201
4294967279,202
4294967278,200
4294967279,336
4294967278,199
4294967279,200
4294967278,197
51,5
4294967278,196
51,4
51,3
51,2
51,1
4294967279,335
4294967278,195
4294967279,334
4294967278,325
4294967279,333
4294967278,192
4294967278,324
4294967279,332
4294967278,191
4294967294,392
4294967294,390
4294967278,190
4294967278,323
4294967279,331
4294967278,189
4294967278,187
4294967279,186
4294967278,186
4294967278,185
4294967279,124
4294967294,909
4294967279,330
4294967279,123
4294967278,182
4294967278,181
4294967294,925
4294967294,956
4294967279,329
4294967278,284
4294967279,292
4294967278,322
4294967279,283
4294967294,1161
4294967278,321
4294967279,177
4294967278,175
4294967279,175
4294967278,172
49,4
4294967278,171
49,2
49,1
4294967278,320
48,4
48,3
48,2
48,1
4294967279,166
47,4
47,2
47,1
4294967278,252
46,4
46,3
46,2
46,1
4294967278,242
4294967294,189
4294967279,328
4294967279,152
4294967294,191
4294967294,190
4294967294,402
4294967294,403
4294967294,165
4294967294,113
4294967279,122
4294967279,120
4294967279,119
4294967279,118
4294967279,117
4294967279,116
4294967294,464
4294967294,1025
4294967294,964
4294967294,922
4294967294,919
4294967294,918
4294967294,917
4294967294,903
4294967294,966
4294967294,961
4294967294,963
4294967294,50
4294967294,387
4294967294,112
4294967294,161
4294967294,180
4294967294,466
4294967294,465
4294967294,469
4294967294,460
4294967294,458
4294967294,467
4294967294,952
4294967294,468
4294967294,97
4294967294,457
4294967294,899
4294967294,897
4294967294,896
4294967294,437
4294967294,159
4294967294,946
4294967294,944
4294967294,943
4294967294,938
4294967294,927
4294967294,967
4294967294,913
4294967294,916
4294967294,965
4294967294,81
4294967294,911
4294967294,906
4294967294,904
4294967294,910
4294967294,902
4294967294,962
4294967294,960
4294967294,394
4294967294,470
4294967294,947
4294967294,1026
4294967294,60
4294967294,61
4294967294,177
4294967294,971
4294967294,388
4294967294,116
4294967294,184
4294967294,384
4294967294,188
4294967294,185
4294967278,236
4294967279,327
4294967278,319
4294967278,131
4294967278,130
4294967278,128
4294967278,125
4294967278,287
4294967278,121
4294967278,120
4294967278,119
4294967278,118
4294967278,116
4294967278,115
4294967278,114
4294967278,112
4294967278,111
4294967278,110
4294967278,109
4294967278,108
4294967278,107
4294967278,223
4294967278,105
4294967278,104
4294967278,103
4294967278,102
4294967278,101
4294967278,100
4294967278,99
4294967278,98
4294967278,97
4294967278,95
4294967278,94
4294967278,93
4294967278,92
4294967278,91
4294967278,90
4294967278,89
4294967278,86
4294967278,85
4294967278,84
4294967278,83
4294967278,82
4294967278,81
4294967278,80
4294967278,79
4294967278,78
4294967278,77
4294967278,76
4294967278,75
4294967278,73
4294967278,71
4294967278,70
4294967278,69
4294967278,68
4294967278,66
4294967278,65
4294967278,64
4294967278,63
4294967278,61
4294967278,60
4294967278,59
4294967278,58
4294967278,57
4294967278,56
4294967278,55
4294967278,54
4294967278,53
4294967278,52
4294967278,51
4294967278,50
4294967278,49
4294967278,47
4294967278,46
4294967278,45
4294967278,44
4294967278,43
4294967278,41
4294967278,39
4294967278,38
4294967278,37
4294967279,112
4294967279,110
4294967279,108
4294967279,223
4294967279,106
4294967279,294
4294967279,16
4294967279,12
4294967279,11
4294967279,10
4294967279,9
4294967279,7
4294967279,5
4294967278,318
4294967278,317
4294967278,281
4294967279,138
4294967278,276
4294967278,272
4294967279,275
4294967279,274
4294967278,270
4294967279,273
45,4
4294967278,269
45,3
45,2
45,1
4294967279,272
4294967278,268
4294967279,271
4294967278,280
4294967279,270
4294967278,316
4294967279,269
4294967279,286
4294967278,279
4294967279,267
4294967279,266
4294967279,265
4294967278,278
4294967279,264
4294967278,261
4294967278,315
4294967279,261
4294967279,259
4294967278,129
4294967294,1160
4294967294,1153
4294967279,326
4294967279,4
4294967278,314
4294967278,132
44,6
44,5
44,4
44,3
44,2
44,1
4294967278,256
4294967294,1159
4294967294,1158
4294967294,0
4294967294,957
4294967279,325
4294967278,313
4294967278,127
4294967278,312
4294967278,126
4294967279,255
4294967278,124
4294967279,254
4294967278,311
4294967278,123
